0.000000000000000000e+00 1.509999999999999964e+01
1.000000000000000000e+00 1.509999999999999964e+01
2.000000000000000000e+00 1.509999999999999964e+01
3.000000000000000000e+00 1.509999999999999964e+01
4.000000000000000000e+00 1.509999999999999964e+01
5.000000000000000000e+00 1.509999999999999964e+01
6.000000000000000000e+00 1.509999999999999964e+01
7.000000000000000000e+00 1.509999999999999964e+01
8.000000000000000000e+00 1.509999999999999964e+01
9.000000000000000000e+00 1.509999999999999964e+01
0.000000000000000000e+00 6.120000000000000284e+01
1.000000000000000000e+00 6.120000000000000284e+01
2.000000000000000000e+00 6.120000000000000284e+01
3.000000000000000000e+00 6.120000000000000284e+01
4.000000000000000000e+00 6.120000000000000284e+01
5.000000000000000000e+00 6.120000000000000284e+01
6.000000000000000000e+00 6.120000000000000284e+01
7.000000000000000000e+00 6.120000000000000284e+01
8.000000000000000000e+00 6.120000000000000284e+01
9.000000000000000000e+00 6.120000000000000284e+01
0.000000000000000000e+00 1.089000000000000057e+02
1.000000000000000000e+00 1.089000000000000057e+02
2.000000000000000000e+00 1.089000000000000057e+02
3.000000000000000000e+00 1.089000000000000057e+02
4.000000000000000000e+00 1.089000000000000057e+02
5.000000000000000000e+00 1.089000000000000057e+02
6.000000000000000000e+00 1.089000000000000057e+02
7.000000000000000000e+00 1.089000000000000057e+02
8.000000000000000000e+00 1.089000000000000057e+02
9.000000000000000000e+00 1.089000000000000057e+02
0.000000000000000000e+00 1.565999999999999943e+02
1.000000000000000000e+00 1.565999999999999943e+02
2.000000000000000000e+00 1.565999999999999943e+02
3.000000000000000000e+00 1.565999999999999943e+02
4.000000000000000000e+00 1.565999999999999943e+02
5.000000000000000000e+00 1.565999999999999943e+02
6.000000000000000000e+00 1.565999999999999943e+02
7.000000000000000000e+00 1.565999999999999943e+02
8.000000000000000000e+00 1.565999999999999943e+02
9.000000000000000000e+00 1.565999999999999943e+02
0.000000000000000000e+00 2.043000000000000114e+02
1.000000000000000000e+00 2.043000000000000114e+02
2.000000000000000000e+00 2.043000000000000114e+02
3.000000000000000000e+00 2.043000000000000114e+02
4.000000000000000000e+00 2.043000000000000114e+02
5.000000000000000000e+00 2.043000000000000114e+02
6.000000000000000000e+00 2.043000000000000114e+02
7.000000000000000000e+00 2.043000000000000114e+02
8.000000000000000000e+00 2.043000000000000114e+02
9.000000000000000000e+00 2.043000000000000114e+02
0.000000000000000000e+00 2.520000000000000000e+02
1.000000000000000000e+00 2.520000000000000000e+02
2.000000000000000000e+00 2.520000000000000000e+02
3.000000000000000000e+00 2.520000000000000000e+02
4.000000000000000000e+00 2.520000000000000000e+02
5.000000000000000000e+00 2.520000000000000000e+02
6.000000000000000000e+00 2.520000000000000000e+02
7.000000000000000000e+00 2.520000000000000000e+02
8.000000000000000000e+00 2.520000000000000000e+02
9.000000000000000000e+00 2.520000000000000000e+02
0.000000000000000000e+00 2.996999999999999886e+02
1.000000000000000000e+00 2.996999999999999886e+02
2.000000000000000000e+00 2.996999999999999886e+02
3.000000000000000000e+00 2.996999999999999886e+02
4.000000000000000000e+00 2.996999999999999886e+02
5.000000000000000000e+00 2.996999999999999886e+02
6.000000000000000000e+00 2.996999999999999886e+02
7.000000000000000000e+00 2.996999999999999886e+02
8.000000000000000000e+00 2.996999999999999886e+02
9.000000000000000000e+00 2.996999999999999886e+02
2.000000000000000000e+01 2.019999999999999929e+01
2.100000000000000000e+01 2.019999999999999929e+01
2.200000000000000000e+01 2.019999999999999929e+01
2.300000000000000000e+01 2.019999999999999929e+01
2.400000000000000000e+01 2.019999999999999929e+01
2.500000000000000000e+01 2.019999999999999929e+01
2.600000000000000000e+01 2.019999999999999929e+01
2.700000000000000000e+01 2.019999999999999929e+01
2.800000000000000000e+01 2.019999999999999929e+01
2.900000000000000000e+01 2.019999999999999929e+01
2.000000000000000000e+01 6.650000000000000000e+01
2.100000000000000000e+01 6.650000000000000000e+01
2.200000000000000000e+01 6.650000000000000000e+01
2.300000000000000000e+01 6.650000000000000000e+01
2.400000000000000000e+01 6.650000000000000000e+01
2.500000000000000000e+01 6.650000000000000000e+01
2.600000000000000000e+01 6.650000000000000000e+01
2.700000000000000000e+01 6.650000000000000000e+01
2.800000000000000000e+01 6.650000000000000000e+01
2.900000000000000000e+01 6.650000000000000000e+01
2.000000000000000000e+01 1.142000000000000028e+02
2.100000000000000000e+01 1.142000000000000028e+02
2.200000000000000000e+01 1.142000000000000028e+02
2.300000000000000000e+01 1.142000000000000028e+02
2.400000000000000000e+01 1.142000000000000028e+02
2.500000000000000000e+01 1.142000000000000028e+02
2.600000000000000000e+01 1.142000000000000028e+02
2.700000000000000000e+01 1.142000000000000028e+02
2.800000000000000000e+01 1.142000000000000028e+02
2.900000000000000000e+01 1.142000000000000028e+02
2.000000000000000000e+01 1.619000000000000057e+02
2.100000000000000000e+01 1.619000000000000057e+02
2.200000000000000000e+01 1.619000000000000057e+02
2.300000000000000000e+01 1.619000000000000057e+02
2.400000000000000000e+01 1.619000000000000057e+02
2.500000000000000000e+01 1.619000000000000057e+02
2.600000000000000000e+01 1.619000000000000057e+02
2.700000000000000000e+01 1.619000000000000057e+02
2.800000000000000000e+01 1.619000000000000057e+02
2.900000000000000000e+01 1.619000000000000057e+02
2.000000000000000000e+01 2.095999999999999943e+02
2.100000000000000000e+01 2.095999999999999943e+02
2.200000000000000000e+01 2.095999999999999943e+02
2.300000000000000000e+01 2.095999999999999943e+02
2.400000000000000000e+01 2.095999999999999943e+02
2.500000000000000000e+01 2.095999999999999943e+02
2.600000000000000000e+01 2.095999999999999943e+02
2.700000000000000000e+01 2.095999999999999943e+02
2.800000000000000000e+01 2.095999999999999943e+02
2.900000000000000000e+01 2.095999999999999943e+02
2.000000000000000000e+01 2.573000000000000114e+02
2.100000000000000000e+01 2.573000000000000114e+02
2.200000000000000000e+01 2.573000000000000114e+02
2.300000000000000000e+01 2.573000000000000114e+02
2.400000000000000000e+01 2.573000000000000114e+02
2.500000000000000000e+01 2.573000000000000114e+02
2.600000000000000000e+01 2.573000000000000114e+02
2.700000000000000000e+01 2.573000000000000114e+02
2.800000000000000000e+01 2.573000000000000114e+02
2.900000000000000000e+01 2.573000000000000114e+02
4.000000000000000000e+01 2.530000000000000071e+01
4.100000000000000000e+01 2.530000000000000071e+01
4.200000000000000000e+01 2.530000000000000071e+01
4.300000000000000000e+01 2.530000000000000071e+01
4.400000000000000000e+01 2.530000000000000071e+01
4.500000000000000000e+01 2.530000000000000071e+01
4.600000000000000000e+01 2.530000000000000071e+01
4.700000000000000000e+01 2.530000000000000071e+01
4.800000000000000000e+01 2.530000000000000071e+01
4.900000000000000000e+01 2.530000000000000071e+01
4.000000000000000000e+01 7.179999999999999716e+01
4.100000000000000000e+01 7.179999999999999716e+01
4.200000000000000000e+01 7.179999999999999716e+01
4.300000000000000000e+01 7.179999999999999716e+01
4.400000000000000000e+01 7.179999999999999716e+01
4.500000000000000000e+01 7.179999999999999716e+01
4.600000000000000000e+01 7.179999999999999716e+01
4.700000000000000000e+01 7.179999999999999716e+01
4.800000000000000000e+01 7.179999999999999716e+01
4.900000000000000000e+01 7.179999999999999716e+01
4.000000000000000000e+01 1.195000000000000000e+02
4.100000000000000000e+01 1.195000000000000000e+02
4.200000000000000000e+01 1.195000000000000000e+02
4.300000000000000000e+01 1.195000000000000000e+02
4.400000000000000000e+01 1.195000000000000000e+02
4.500000000000000000e+01 1.195000000000000000e+02
4.600000000000000000e+01 1.195000000000000000e+02
4.700000000000000000e+01 1.195000000000000000e+02
4.800000000000000000e+01 1.195000000000000000e+02
4.900000000000000000e+01 1.195000000000000000e+02
4.000000000000000000e+01 1.671999999999999886e+02
4.100000000000000000e+01 1.671999999999999886e+02
4.200000000000000000e+01 1.671999999999999886e+02
4.300000000000000000e+01 1.671999999999999886e+02
4.400000000000000000e+01 1.671999999999999886e+02
4.500000000000000000e+01 1.671999999999999886e+02
4.600000000000000000e+01 1.671999999999999886e+02
4.700000000000000000e+01 1.671999999999999886e+02
4.800000000000000000e+01 1.671999999999999886e+02
4.900000000000000000e+01 1.671999999999999886e+02
4.000000000000000000e+01 2.149000000000000057e+02
4.100000000000000000e+01 2.149000000000000057e+02
4.200000000000000000e+01 2.149000000000000057e+02
4.300000000000000000e+01 2.149000000000000057e+02
4.400000000000000000e+01 2.149000000000000057e+02
4.500000000000000000e+01 2.149000000000000057e+02
4.600000000000000000e+01 2.149000000000000057e+02
4.700000000000000000e+01 2.149000000000000057e+02
4.800000000000000000e+01 2.149000000000000057e+02
4.900000000000000000e+01 2.149000000000000057e+02
4.000000000000000000e+01 2.626000000000000227e+02
4.100000000000000000e+01 2.626000000000000227e+02
4.200000000000000000e+01 2.626000000000000227e+02
4.300000000000000000e+01 2.626000000000000227e+02
4.400000000000000000e+01 2.626000000000000227e+02
4.500000000000000000e+01 2.626000000000000227e+02
4.600000000000000000e+01 2.626000000000000227e+02
4.700000000000000000e+01 2.626000000000000227e+02
4.800000000000000000e+01 2.626000000000000227e+02
4.900000000000000000e+01 2.626000000000000227e+02
6.000000000000000000e+01 3.039999999999999858e+01
6.100000000000000000e+01 3.039999999999999858e+01
6.200000000000000000e+01 3.039999999999999858e+01
6.300000000000000000e+01 3.039999999999999858e+01
6.400000000000000000e+01 3.039999999999999858e+01
6.500000000000000000e+01 3.039999999999999858e+01
6.600000000000000000e+01 3.039999999999999858e+01
6.700000000000000000e+01 3.039999999999999858e+01
6.800000000000000000e+01 3.039999999999999858e+01
6.900000000000000000e+01 3.039999999999999858e+01
6.000000000000000000e+01 7.709999999999999432e+01
6.100000000000000000e+01 7.709999999999999432e+01
6.200000000000000000e+01 7.709999999999999432e+01
6.300000000000000000e+01 7.709999999999999432e+01
6.400000000000000000e+01 7.709999999999999432e+01
6.500000000000000000e+01 7.709999999999999432e+01
6.600000000000000000e+01 7.709999999999999432e+01
6.700000000000000000e+01 7.709999999999999432e+01
6.800000000000000000e+01 7.709999999999999432e+01
6.900000000000000000e+01 7.709999999999999432e+01
6.000000000000000000e+01 1.247999999999999972e+02
6.100000000000000000e+01 1.247999999999999972e+02
6.200000000000000000e+01 1.247999999999999972e+02
6.300000000000000000e+01 1.247999999999999972e+02
6.400000000000000000e+01 1.247999999999999972e+02
6.500000000000000000e+01 1.247999999999999972e+02
6.600000000000000000e+01 1.247999999999999972e+02
6.700000000000000000e+01 1.247999999999999972e+02
6.800000000000000000e+01 1.247999999999999972e+02
6.900000000000000000e+01 1.247999999999999972e+02
6.000000000000000000e+01 1.725000000000000000e+02
6.100000000000000000e+01 1.725000000000000000e+02
6.200000000000000000e+01 1.725000000000000000e+02
6.300000000000000000e+01 1.725000000000000000e+02
6.400000000000000000e+01 1.725000000000000000e+02
6.500000000000000000e+01 1.725000000000000000e+02
6.600000000000000000e+01 1.725000000000000000e+02
6.700000000000000000e+01 1.725000000000000000e+02
6.800000000000000000e+01 1.725000000000000000e+02
6.900000000000000000e+01 1.725000000000000000e+02
6.000000000000000000e+01 2.201999999999999886e+02
6.100000000000000000e+01 2.201999999999999886e+02
6.200000000000000000e+01 2.201999999999999886e+02
6.300000000000000000e+01 2.201999999999999886e+02
6.400000000000000000e+01 2.201999999999999886e+02
6.500000000000000000e+01 2.201999999999999886e+02
6.600000000000000000e+01 2.201999999999999886e+02
6.700000000000000000e+01 2.201999999999999886e+02
6.800000000000000000e+01 2.201999999999999886e+02
6.900000000000000000e+01 2.201999999999999886e+02
6.000000000000000000e+01 2.678999999999999773e+02
6.100000000000000000e+01 2.678999999999999773e+02
6.200000000000000000e+01 2.678999999999999773e+02
6.300000000000000000e+01 2.678999999999999773e+02
6.400000000000000000e+01 2.678999999999999773e+02
6.500000000000000000e+01 2.678999999999999773e+02
6.600000000000000000e+01 2.678999999999999773e+02
6.700000000000000000e+01 2.678999999999999773e+02
6.800000000000000000e+01 2.678999999999999773e+02
6.900000000000000000e+01 2.678999999999999773e+02
8.000000000000000000e+01 3.550000000000000000e+01
8.100000000000000000e+01 3.550000000000000000e+01
8.200000000000000000e+01 3.550000000000000000e+01
8.300000000000000000e+01 3.550000000000000000e+01
8.400000000000000000e+01 3.550000000000000000e+01
8.500000000000000000e+01 3.550000000000000000e+01
8.600000000000000000e+01 3.550000000000000000e+01
8.700000000000000000e+01 3.550000000000000000e+01
8.800000000000000000e+01 3.550000000000000000e+01
8.900000000000000000e+01 3.550000000000000000e+01
8.000000000000000000e+01 8.240000000000000568e+01
8.100000000000000000e+01 8.240000000000000568e+01
8.200000000000000000e+01 8.240000000000000568e+01
8.300000000000000000e+01 8.240000000000000568e+01
8.400000000000000000e+01 8.240000000000000568e+01
8.500000000000000000e+01 8.240000000000000568e+01
8.600000000000000000e+01 8.240000000000000568e+01
8.700000000000000000e+01 8.240000000000000568e+01
8.800000000000000000e+01 8.240000000000000568e+01
8.900000000000000000e+01 8.240000000000000568e+01
8.000000000000000000e+01 1.300999999999999943e+02
8.100000000000000000e+01 1.300999999999999943e+02
8.200000000000000000e+01 1.300999999999999943e+02
8.300000000000000000e+01 1.300999999999999943e+02
8.400000000000000000e+01 1.300999999999999943e+02
8.500000000000000000e+01 1.300999999999999943e+02
8.600000000000000000e+01 1.300999999999999943e+02
8.700000000000000000e+01 1.300999999999999943e+02
8.800000000000000000e+01 1.300999999999999943e+02
8.900000000000000000e+01 1.300999999999999943e+02
8.000000000000000000e+01 1.778000000000000114e+02
8.100000000000000000e+01 1.778000000000000114e+02
8.200000000000000000e+01 1.778000000000000114e+02
8.300000000000000000e+01 1.778000000000000114e+02
8.400000000000000000e+01 1.778000000000000114e+02
8.500000000000000000e+01 1.778000000000000114e+02
8.600000000000000000e+01 1.778000000000000114e+02
8.700000000000000000e+01 1.778000000000000114e+02
8.800000000000000000e+01 1.778000000000000114e+02
8.900000000000000000e+01 1.778000000000000114e+02
8.000000000000000000e+01 2.255000000000000000e+02
8.100000000000000000e+01 2.255000000000000000e+02
8.200000000000000000e+01 2.255000000000000000e+02
8.300000000000000000e+01 2.255000000000000000e+02
8.400000000000000000e+01 2.255000000000000000e+02
8.500000000000000000e+01 2.255000000000000000e+02
8.600000000000000000e+01 2.255000000000000000e+02
8.700000000000000000e+01 2.255000000000000000e+02
8.800000000000000000e+01 2.255000000000000000e+02
8.900000000000000000e+01 2.255000000000000000e+02
8.000000000000000000e+01 2.731999999999999886e+02
8.100000000000000000e+01 2.731999999999999886e+02
8.200000000000000000e+01 2.731999999999999886e+02
8.300000000000000000e+01 2.731999999999999886e+02
8.400000000000000000e+01 2.731999999999999886e+02
8.500000000000000000e+01 2.731999999999999886e+02
8.600000000000000000e+01 2.731999999999999886e+02
8.700000000000000000e+01 2.731999999999999886e+02
8.800000000000000000e+01 2.731999999999999886e+02
8.900000000000000000e+01 2.731999999999999886e+02
1.000000000000000000e+02 4.060000000000000142e+01
1.010000000000000000e+02 4.060000000000000142e+01
1.020000000000000000e+02 4.060000000000000142e+01
1.030000000000000000e+02 4.060000000000000142e+01
1.040000000000000000e+02 4.060000000000000142e+01
1.050000000000000000e+02 4.060000000000000142e+01
1.060000000000000000e+02 4.060000000000000142e+01
1.070000000000000000e+02 4.060000000000000142e+01
1.080000000000000000e+02 4.060000000000000142e+01
1.090000000000000000e+02 4.060000000000000142e+01
1.000000000000000000e+02 8.770000000000000284e+01
1.010000000000000000e+02 8.770000000000000284e+01
1.020000000000000000e+02 8.770000000000000284e+01
1.030000000000000000e+02 8.770000000000000284e+01
1.040000000000000000e+02 8.770000000000000284e+01
1.050000000000000000e+02 8.770000000000000284e+01
1.060000000000000000e+02 8.770000000000000284e+01
1.070000000000000000e+02 8.770000000000000284e+01
1.080000000000000000e+02 8.770000000000000284e+01
1.090000000000000000e+02 8.770000000000000284e+01
1.000000000000000000e+02 1.354000000000000057e+02
1.010000000000000000e+02 1.354000000000000057e+02
1.020000000000000000e+02 1.354000000000000057e+02
1.030000000000000000e+02 1.354000000000000057e+02
1.040000000000000000e+02 1.354000000000000057e+02
1.050000000000000000e+02 1.354000000000000057e+02
1.060000000000000000e+02 1.354000000000000057e+02
1.070000000000000000e+02 1.354000000000000057e+02
1.080000000000000000e+02 1.354000000000000057e+02
1.090000000000000000e+02 1.354000000000000057e+02
1.000000000000000000e+02 1.830999999999999943e+02
1.010000000000000000e+02 1.830999999999999943e+02
1.020000000000000000e+02 1.830999999999999943e+02
1.030000000000000000e+02 1.830999999999999943e+02
1.040000000000000000e+02 1.830999999999999943e+02
1.050000000000000000e+02 1.830999999999999943e+02
1.060000000000000000e+02 1.830999999999999943e+02
1.070000000000000000e+02 1.830999999999999943e+02
1.080000000000000000e+02 1.830999999999999943e+02
1.090000000000000000e+02 1.830999999999999943e+02
1.000000000000000000e+02 2.308000000000000114e+02
1.010000000000000000e+02 2.308000000000000114e+02
1.020000000000000000e+02 2.308000000000000114e+02
1.030000000000000000e+02 2.308000000000000114e+02
1.040000000000000000e+02 2.308000000000000114e+02
1.050000000000000000e+02 2.308000000000000114e+02
1.060000000000000000e+02 2.308000000000000114e+02
1.070000000000000000e+02 2.308000000000000114e+02
1.080000000000000000e+02 2.308000000000000114e+02
1.090000000000000000e+02 2.308000000000000114e+02
1.000000000000000000e+02 2.785000000000000000e+02
1.010000000000000000e+02 2.785000000000000000e+02
1.020000000000000000e+02 2.785000000000000000e+02
1.030000000000000000e+02 2.785000000000000000e+02
1.040000000000000000e+02 2.785000000000000000e+02
1.050000000000000000e+02 2.785000000000000000e+02
1.060000000000000000e+02 2.785000000000000000e+02
1.070000000000000000e+02 2.785000000000000000e+02
1.080000000000000000e+02 2.785000000000000000e+02
1.090000000000000000e+02 2.785000000000000000e+02
1.200000000000000000e+02 4.570000000000000284e+01
1.210000000000000000e+02 4.570000000000000284e+01
1.220000000000000000e+02 4.570000000000000284e+01
1.230000000000000000e+02 4.570000000000000284e+01
1.240000000000000000e+02 4.570000000000000284e+01
1.250000000000000000e+02 4.570000000000000284e+01
1.260000000000000000e+02 4.570000000000000284e+01
1.270000000000000000e+02 4.570000000000000284e+01
1.280000000000000000e+02 4.570000000000000284e+01
1.290000000000000000e+02 4.570000000000000284e+01
1.200000000000000000e+02 9.300000000000000000e+01
1.210000000000000000e+02 9.300000000000000000e+01
1.220000000000000000e+02 9.300000000000000000e+01
1.230000000000000000e+02 9.300000000000000000e+01
1.240000000000000000e+02 9.300000000000000000e+01
1.250000000000000000e+02 9.300000000000000000e+01
1.260000000000000000e+02 9.300000000000000000e+01
1.270000000000000000e+02 9.300000000000000000e+01
1.280000000000000000e+02 9.300000000000000000e+01
1.290000000000000000e+02 9.300000000000000000e+01
1.200000000000000000e+02 1.406999999999999886e+02
1.210000000000000000e+02 1.406999999999999886e+02
1.220000000000000000e+02 1.406999999999999886e+02
1.230000000000000000e+02 1.406999999999999886e+02
1.240000000000000000e+02 1.406999999999999886e+02
1.250000000000000000e+02 1.406999999999999886e+02
1.260000000000000000e+02 1.406999999999999886e+02
1.270000000000000000e+02 1.406999999999999886e+02
1.280000000000000000e+02 1.406999999999999886e+02
1.290000000000000000e+02 1.406999999999999886e+02
1.200000000000000000e+02 1.884000000000000057e+02
1.210000000000000000e+02 1.884000000000000057e+02
1.220000000000000000e+02 1.884000000000000057e+02
1.230000000000000000e+02 1.884000000000000057e+02
1.240000000000000000e+02 1.884000000000000057e+02
1.250000000000000000e+02 1.884000000000000057e+02
1.260000000000000000e+02 1.884000000000000057e+02
1.270000000000000000e+02 1.884000000000000057e+02
1.280000000000000000e+02 1.884000000000000057e+02
1.290000000000000000e+02 1.884000000000000057e+02
1.200000000000000000e+02 2.360999999999999943e+02
1.210000000000000000e+02 2.360999999999999943e+02
1.220000000000000000e+02 2.360999999999999943e+02
1.230000000000000000e+02 2.360999999999999943e+02
1.240000000000000000e+02 2.360999999999999943e+02
1.250000000000000000e+02 2.360999999999999943e+02
1.260000000000000000e+02 2.360999999999999943e+02
1.270000000000000000e+02 2.360999999999999943e+02
1.280000000000000000e+02 2.360999999999999943e+02
1.290000000000000000e+02 2.360999999999999943e+02
1.200000000000000000e+02 2.838000000000000114e+02
1.210000000000000000e+02 2.838000000000000114e+02
1.220000000000000000e+02 2.838000000000000114e+02
1.230000000000000000e+02 2.838000000000000114e+02
1.240000000000000000e+02 2.838000000000000114e+02
1.250000000000000000e+02 2.838000000000000114e+02
1.260000000000000000e+02 2.838000000000000114e+02
1.270000000000000000e+02 2.838000000000000114e+02
1.280000000000000000e+02 2.838000000000000114e+02
1.290000000000000000e+02 2.838000000000000114e+02
1.400000000000000000e+02 5.079999999999999716e+01
1.410000000000000000e+02 5.079999999999999716e+01
1.420000000000000000e+02 5.079999999999999716e+01
1.430000000000000000e+02 5.079999999999999716e+01
1.440000000000000000e+02 5.079999999999999716e+01
1.450000000000000000e+02 5.079999999999999716e+01
1.460000000000000000e+02 5.079999999999999716e+01
1.470000000000000000e+02 5.079999999999999716e+01
1.480000000000000000e+02 5.079999999999999716e+01
1.490000000000000000e+02 5.079999999999999716e+01
1.400000000000000000e+02 9.829999999999999716e+01
1.410000000000000000e+02 9.829999999999999716e+01
1.420000000000000000e+02 9.829999999999999716e+01
1.430000000000000000e+02 9.829999999999999716e+01
1.440000000000000000e+02 9.829999999999999716e+01
1.450000000000000000e+02 9.829999999999999716e+01
1.460000000000000000e+02 9.829999999999999716e+01
1.470000000000000000e+02 9.829999999999999716e+01
1.480000000000000000e+02 9.829999999999999716e+01
1.490000000000000000e+02 9.829999999999999716e+01
1.400000000000000000e+02 1.460000000000000000e+02
1.410000000000000000e+02 1.460000000000000000e+02
1.420000000000000000e+02 1.460000000000000000e+02
1.430000000000000000e+02 1.460000000000000000e+02
1.440000000000000000e+02 1.460000000000000000e+02
1.450000000000000000e+02 1.460000000000000000e+02
1.460000000000000000e+02 1.460000000000000000e+02
1.470000000000000000e+02 1.460000000000000000e+02
1.480000000000000000e+02 1.460000000000000000e+02
1.490000000000000000e+02 1.460000000000000000e+02
1.400000000000000000e+02 1.936999999999999886e+02
1.410000000000000000e+02 1.936999999999999886e+02
1.420000000000000000e+02 1.936999999999999886e+02
1.430000000000000000e+02 1.936999999999999886e+02
1.440000000000000000e+02 1.936999999999999886e+02
1.450000000000000000e+02 1.936999999999999886e+02
1.460000000000000000e+02 1.936999999999999886e+02
1.470000000000000000e+02 1.936999999999999886e+02
1.480000000000000000e+02 1.936999999999999886e+02
1.490000000000000000e+02 1.936999999999999886e+02
1.400000000000000000e+02 2.414000000000000057e+02
1.410000000000000000e+02 2.414000000000000057e+02
1.420000000000000000e+02 2.414000000000000057e+02
1.430000000000000000e+02 2.414000000000000057e+02
1.440000000000000000e+02 2.414000000000000057e+02
1.450000000000000000e+02 2.414000000000000057e+02
1.460000000000000000e+02 2.414000000000000057e+02
1.470000000000000000e+02 2.414000000000000057e+02
1.480000000000000000e+02 2.414000000000000057e+02
1.490000000000000000e+02 2.414000000000000057e+02
1.400000000000000000e+02 2.891000000000000227e+02
1.410000000000000000e+02 2.891000000000000227e+02
1.420000000000000000e+02 2.891000000000000227e+02
1.430000000000000000e+02 2.891000000000000227e+02
1.440000000000000000e+02 2.891000000000000227e+02
1.450000000000000000e+02 2.891000000000000227e+02
1.460000000000000000e+02 2.891000000000000227e+02
1.470000000000000000e+02 2.891000000000000227e+02
1.480000000000000000e+02 2.891000000000000227e+02
1.490000000000000000e+02 2.891000000000000227e+02
1.600000000000000000e+02 5.589999999999999858e+01
1.610000000000000000e+02 5.589999999999999858e+01
1.620000000000000000e+02 5.589999999999999858e+01
1.630000000000000000e+02 5.589999999999999858e+01
1.640000000000000000e+02 5.589999999999999858e+01
1.650000000000000000e+02 5.589999999999999858e+01
1.660000000000000000e+02 5.589999999999999858e+01
1.670000000000000000e+02 5.589999999999999858e+01
1.680000000000000000e+02 5.589999999999999858e+01
1.690000000000000000e+02 5.589999999999999858e+01
1.600000000000000000e+02 1.035999999999999943e+02
1.610000000000000000e+02 1.035999999999999943e+02
1.620000000000000000e+02 1.035999999999999943e+02
1.630000000000000000e+02 1.035999999999999943e+02
1.640000000000000000e+02 1.035999999999999943e+02
1.650000000000000000e+02 1.035999999999999943e+02
1.660000000000000000e+02 1.035999999999999943e+02
1.670000000000000000e+02 1.035999999999999943e+02
1.680000000000000000e+02 1.035999999999999943e+02
1.690000000000000000e+02 1.035999999999999943e+02
1.600000000000000000e+02 1.513000000000000114e+02
1.610000000000000000e+02 1.513000000000000114e+02
1.620000000000000000e+02 1.513000000000000114e+02
1.630000000000000000e+02 1.513000000000000114e+02
1.640000000000000000e+02 1.513000000000000114e+02
1.650000000000000000e+02 1.513000000000000114e+02
1.660000000000000000e+02 1.513000000000000114e+02
1.670000000000000000e+02 1.513000000000000114e+02
1.680000000000000000e+02 1.513000000000000114e+02
1.690000000000000000e+02 1.513000000000000114e+02
1.600000000000000000e+02 1.990000000000000000e+02
1.610000000000000000e+02 1.990000000000000000e+02
1.620000000000000000e+02 1.990000000000000000e+02
1.630000000000000000e+02 1.990000000000000000e+02
1.640000000000000000e+02 1.990000000000000000e+02
1.650000000000000000e+02 1.990000000000000000e+02
1.660000000000000000e+02 1.990000000000000000e+02
1.670000000000000000e+02 1.990000000000000000e+02
1.680000000000000000e+02 1.990000000000000000e+02
1.690000000000000000e+02 1.990000000000000000e+02
1.600000000000000000e+02 2.466999999999999886e+02
1.610000000000000000e+02 2.466999999999999886e+02
1.620000000000000000e+02 2.466999999999999886e+02
1.630000000000000000e+02 2.466999999999999886e+02
1.640000000000000000e+02 2.466999999999999886e+02
1.650000000000000000e+02 2.466999999999999886e+02
1.660000000000000000e+02 2.466999999999999886e+02
1.670000000000000000e+02 2.466999999999999886e+02
1.680000000000000000e+02 2.466999999999999886e+02
1.690000000000000000e+02 2.466999999999999886e+02
1.600000000000000000e+02 2.943999999999999773e+02
1.610000000000000000e+02 2.943999999999999773e+02
1.620000000000000000e+02 2.943999999999999773e+02
1.630000000000000000e+02 2.943999999999999773e+02
1.640000000000000000e+02 2.943999999999999773e+02
1.650000000000000000e+02 2.943999999999999773e+02
1.660000000000000000e+02 2.943999999999999773e+02
1.670000000000000000e+02 2.943999999999999773e+02
1.680000000000000000e+02 2.943999999999999773e+02
1.690000000000000000e+02 2.943999999999999773e+02
1.000000000000000000e+01 1.509999999999999964e+01
1.100000000000000000e+01 1.509999999999999964e+01
1.200000000000000000e+01 1.509999999999999964e+01
1.300000000000000000e+01 1.509999999999999964e+01
1.400000000000000000e+01 1.509999999999999964e+01
1.500000000000000000e+01 1.509999999999999964e+01
1.600000000000000000e+01 1.509999999999999964e+01
1.700000000000000000e+01 1.509999999999999964e+01
1.800000000000000000e+01 1.509999999999999964e+01
1.900000000000000000e+01 1.509999999999999964e+01
1.000000000000000000e+01 1.930000000000000071e+01
1.100000000000000000e+01 1.930000000000000071e+01
1.200000000000000000e+01 1.930000000000000071e+01
1.300000000000000000e+01 1.930000000000000071e+01
1.400000000000000000e+01 1.930000000000000071e+01
1.500000000000000000e+01 1.930000000000000071e+01
1.600000000000000000e+01 1.930000000000000071e+01
1.700000000000000000e+01 1.930000000000000071e+01
1.800000000000000000e+01 1.930000000000000071e+01
1.900000000000000000e+01 1.930000000000000071e+01
1.000000000000000000e+01 6.060000000000000142e+01
1.100000000000000000e+01 6.060000000000000142e+01
1.200000000000000000e+01 6.060000000000000142e+01
1.300000000000000000e+01 6.060000000000000142e+01
1.400000000000000000e+01 6.060000000000000142e+01
1.500000000000000000e+01 6.060000000000000142e+01
1.600000000000000000e+01 6.060000000000000142e+01
1.700000000000000000e+01 6.060000000000000142e+01
1.800000000000000000e+01 6.060000000000000142e+01
1.900000000000000000e+01 6.060000000000000142e+01
1.000000000000000000e+01 6.420000000000000284e+01
1.100000000000000000e+01 6.420000000000000284e+01
1.200000000000000000e+01 6.420000000000000284e+01
1.300000000000000000e+01 6.420000000000000284e+01
1.400000000000000000e+01 6.420000000000000284e+01
1.500000000000000000e+01 6.420000000000000284e+01
1.600000000000000000e+01 6.420000000000000284e+01
1.700000000000000000e+01 6.420000000000000284e+01
1.800000000000000000e+01 6.420000000000000284e+01
1.900000000000000000e+01 6.420000000000000284e+01
1.000000000000000000e+01 1.082999999999999972e+02
1.100000000000000000e+01 1.082999999999999972e+02
1.200000000000000000e+01 1.082999999999999972e+02
1.300000000000000000e+01 1.082999999999999972e+02
1.400000000000000000e+01 1.082999999999999972e+02
1.500000000000000000e+01 1.082999999999999972e+02
1.600000000000000000e+01 1.082999999999999972e+02
1.700000000000000000e+01 1.082999999999999972e+02
1.800000000000000000e+01 1.082999999999999972e+02
1.900000000000000000e+01 1.082999999999999972e+02
1.000000000000000000e+01 1.119000000000000057e+02
1.100000000000000000e+01 1.119000000000000057e+02
1.200000000000000000e+01 1.119000000000000057e+02
1.300000000000000000e+01 1.119000000000000057e+02
1.400000000000000000e+01 1.119000000000000057e+02
1.500000000000000000e+01 1.119000000000000057e+02
1.600000000000000000e+01 1.119000000000000057e+02
1.700000000000000000e+01 1.119000000000000057e+02
1.800000000000000000e+01 1.119000000000000057e+02
1.900000000000000000e+01 1.119000000000000057e+02
1.000000000000000000e+01 1.560000000000000000e+02
1.100000000000000000e+01 1.560000000000000000e+02
1.200000000000000000e+01 1.560000000000000000e+02
1.300000000000000000e+01 1.560000000000000000e+02
1.400000000000000000e+01 1.560000000000000000e+02
1.500000000000000000e+01 1.560000000000000000e+02
1.600000000000000000e+01 1.560000000000000000e+02
1.700000000000000000e+01 1.560000000000000000e+02
1.800000000000000000e+01 1.560000000000000000e+02
1.900000000000000000e+01 1.560000000000000000e+02
1.000000000000000000e+01 1.595999999999999943e+02
1.100000000000000000e+01 1.595999999999999943e+02
1.200000000000000000e+01 1.595999999999999943e+02
1.300000000000000000e+01 1.595999999999999943e+02
1.400000000000000000e+01 1.595999999999999943e+02
1.500000000000000000e+01 1.595999999999999943e+02
1.600000000000000000e+01 1.595999999999999943e+02
1.700000000000000000e+01 1.595999999999999943e+02
1.800000000000000000e+01 1.595999999999999943e+02
1.900000000000000000e+01 1.595999999999999943e+02
1.000000000000000000e+01 2.036999999999999886e+02
1.100000000000000000e+01 2.036999999999999886e+02
1.200000000000000000e+01 2.036999999999999886e+02
1.300000000000000000e+01 2.036999999999999886e+02
1.400000000000000000e+01 2.036999999999999886e+02
1.500000000000000000e+01 2.036999999999999886e+02
1.600000000000000000e+01 2.036999999999999886e+02
1.700000000000000000e+01 2.036999999999999886e+02
1.800000000000000000e+01 2.036999999999999886e+02
1.900000000000000000e+01 2.036999999999999886e+02
1.000000000000000000e+01 2.073000000000000114e+02
1.100000000000000000e+01 2.073000000000000114e+02
1.200000000000000000e+01 2.073000000000000114e+02
1.300000000000000000e+01 2.073000000000000114e+02
1.400000000000000000e+01 2.073000000000000114e+02
1.500000000000000000e+01 2.073000000000000114e+02
1.600000000000000000e+01 2.073000000000000114e+02
1.700000000000000000e+01 2.073000000000000114e+02
1.800000000000000000e+01 2.073000000000000114e+02
1.900000000000000000e+01 2.073000000000000114e+02
1.000000000000000000e+01 2.514000000000000057e+02
1.100000000000000000e+01 2.514000000000000057e+02
1.200000000000000000e+01 2.514000000000000057e+02
1.300000000000000000e+01 2.514000000000000057e+02
1.400000000000000000e+01 2.514000000000000057e+02
1.500000000000000000e+01 2.514000000000000057e+02
1.600000000000000000e+01 2.514000000000000057e+02
1.700000000000000000e+01 2.514000000000000057e+02
1.800000000000000000e+01 2.514000000000000057e+02
1.900000000000000000e+01 2.514000000000000057e+02
1.000000000000000000e+01 2.550000000000000000e+02
1.100000000000000000e+01 2.550000000000000000e+02
1.200000000000000000e+01 2.550000000000000000e+02
1.300000000000000000e+01 2.550000000000000000e+02
1.400000000000000000e+01 2.550000000000000000e+02
1.500000000000000000e+01 2.550000000000000000e+02
1.600000000000000000e+01 2.550000000000000000e+02
1.700000000000000000e+01 2.550000000000000000e+02
1.800000000000000000e+01 2.550000000000000000e+02
1.900000000000000000e+01 2.550000000000000000e+02
1.000000000000000000e+01 2.991000000000000227e+02
1.100000000000000000e+01 2.991000000000000227e+02
1.200000000000000000e+01 2.991000000000000227e+02
1.300000000000000000e+01 2.991000000000000227e+02
1.400000000000000000e+01 2.991000000000000227e+02
1.500000000000000000e+01 2.991000000000000227e+02
1.600000000000000000e+01 2.991000000000000227e+02
1.700000000000000000e+01 2.991000000000000227e+02
1.800000000000000000e+01 2.991000000000000227e+02
1.900000000000000000e+01 2.991000000000000227e+02
3.000000000000000000e+01 2.019999999999999929e+01
3.100000000000000000e+01 2.019999999999999929e+01
3.200000000000000000e+01 2.019999999999999929e+01
3.300000000000000000e+01 2.019999999999999929e+01
3.400000000000000000e+01 2.019999999999999929e+01
3.500000000000000000e+01 2.019999999999999929e+01
3.600000000000000000e+01 2.019999999999999929e+01
3.700000000000000000e+01 2.019999999999999929e+01
3.800000000000000000e+01 2.019999999999999929e+01
3.900000000000000000e+01 2.019999999999999929e+01
3.000000000000000000e+01 2.439999999999999858e+01
3.100000000000000000e+01 2.439999999999999858e+01
3.200000000000000000e+01 2.439999999999999858e+01
3.300000000000000000e+01 2.439999999999999858e+01
3.400000000000000000e+01 2.439999999999999858e+01
3.500000000000000000e+01 2.439999999999999858e+01
3.600000000000000000e+01 2.439999999999999858e+01
3.700000000000000000e+01 2.439999999999999858e+01
3.800000000000000000e+01 2.439999999999999858e+01
3.900000000000000000e+01 2.439999999999999858e+01
3.000000000000000000e+01 6.590000000000000568e+01
3.100000000000000000e+01 6.590000000000000568e+01
3.200000000000000000e+01 6.590000000000000568e+01
3.300000000000000000e+01 6.590000000000000568e+01
3.400000000000000000e+01 6.590000000000000568e+01
3.500000000000000000e+01 6.590000000000000568e+01
3.600000000000000000e+01 6.590000000000000568e+01
3.700000000000000000e+01 6.590000000000000568e+01
3.800000000000000000e+01 6.590000000000000568e+01
3.900000000000000000e+01 6.590000000000000568e+01
3.000000000000000000e+01 6.950000000000000000e+01
3.100000000000000000e+01 6.950000000000000000e+01
3.200000000000000000e+01 6.950000000000000000e+01
3.300000000000000000e+01 6.950000000000000000e+01
3.400000000000000000e+01 6.950000000000000000e+01
3.500000000000000000e+01 6.950000000000000000e+01
3.600000000000000000e+01 6.950000000000000000e+01
3.700000000000000000e+01 6.950000000000000000e+01
3.800000000000000000e+01 6.950000000000000000e+01
3.900000000000000000e+01 6.950000000000000000e+01
3.000000000000000000e+01 1.135999999999999943e+02
3.100000000000000000e+01 1.135999999999999943e+02
3.200000000000000000e+01 1.135999999999999943e+02
3.300000000000000000e+01 1.135999999999999943e+02
3.400000000000000000e+01 1.135999999999999943e+02
3.500000000000000000e+01 1.135999999999999943e+02
3.600000000000000000e+01 1.135999999999999943e+02
3.700000000000000000e+01 1.135999999999999943e+02
3.800000000000000000e+01 1.135999999999999943e+02
3.900000000000000000e+01 1.135999999999999943e+02
3.000000000000000000e+01 1.172000000000000028e+02
3.100000000000000000e+01 1.172000000000000028e+02
3.200000000000000000e+01 1.172000000000000028e+02
3.300000000000000000e+01 1.172000000000000028e+02
3.400000000000000000e+01 1.172000000000000028e+02
3.500000000000000000e+01 1.172000000000000028e+02
3.600000000000000000e+01 1.172000000000000028e+02
3.700000000000000000e+01 1.172000000000000028e+02
3.800000000000000000e+01 1.172000000000000028e+02
3.900000000000000000e+01 1.172000000000000028e+02
3.000000000000000000e+01 1.613000000000000114e+02
3.100000000000000000e+01 1.613000000000000114e+02
3.200000000000000000e+01 1.613000000000000114e+02
3.300000000000000000e+01 1.613000000000000114e+02
3.400000000000000000e+01 1.613000000000000114e+02
3.500000000000000000e+01 1.613000000000000114e+02
3.600000000000000000e+01 1.613000000000000114e+02
3.700000000000000000e+01 1.613000000000000114e+02
3.800000000000000000e+01 1.613000000000000114e+02
3.900000000000000000e+01 1.613000000000000114e+02
3.000000000000000000e+01 1.649000000000000057e+02
3.100000000000000000e+01 1.649000000000000057e+02
3.200000000000000000e+01 1.649000000000000057e+02
3.300000000000000000e+01 1.649000000000000057e+02
3.400000000000000000e+01 1.649000000000000057e+02
3.500000000000000000e+01 1.649000000000000057e+02
3.600000000000000000e+01 1.649000000000000057e+02
3.700000000000000000e+01 1.649000000000000057e+02
3.800000000000000000e+01 1.649000000000000057e+02
3.900000000000000000e+01 1.649000000000000057e+02
3.000000000000000000e+01 2.090000000000000000e+02
3.100000000000000000e+01 2.090000000000000000e+02
3.200000000000000000e+01 2.090000000000000000e+02
3.300000000000000000e+01 2.090000000000000000e+02
3.400000000000000000e+01 2.090000000000000000e+02
3.500000000000000000e+01 2.090000000000000000e+02
3.600000000000000000e+01 2.090000000000000000e+02
3.700000000000000000e+01 2.090000000000000000e+02
3.800000000000000000e+01 2.090000000000000000e+02
3.900000000000000000e+01 2.090000000000000000e+02
3.000000000000000000e+01 2.125999999999999943e+02
3.100000000000000000e+01 2.125999999999999943e+02
3.200000000000000000e+01 2.125999999999999943e+02
3.300000000000000000e+01 2.125999999999999943e+02
3.400000000000000000e+01 2.125999999999999943e+02
3.500000000000000000e+01 2.125999999999999943e+02
3.600000000000000000e+01 2.125999999999999943e+02
3.700000000000000000e+01 2.125999999999999943e+02
3.800000000000000000e+01 2.125999999999999943e+02
3.900000000000000000e+01 2.125999999999999943e+02
3.000000000000000000e+01 2.566999999999999886e+02
3.100000000000000000e+01 2.566999999999999886e+02
3.200000000000000000e+01 2.566999999999999886e+02
3.300000000000000000e+01 2.566999999999999886e+02
3.400000000000000000e+01 2.566999999999999886e+02
3.500000000000000000e+01 2.566999999999999886e+02
3.600000000000000000e+01 2.566999999999999886e+02
3.700000000000000000e+01 2.566999999999999886e+02
3.800000000000000000e+01 2.566999999999999886e+02
3.900000000000000000e+01 2.566999999999999886e+02
3.000000000000000000e+01 2.603000000000000114e+02
3.100000000000000000e+01 2.603000000000000114e+02
3.200000000000000000e+01 2.603000000000000114e+02
3.300000000000000000e+01 2.603000000000000114e+02
3.400000000000000000e+01 2.603000000000000114e+02
3.500000000000000000e+01 2.603000000000000114e+02
3.600000000000000000e+01 2.603000000000000114e+02
3.700000000000000000e+01 2.603000000000000114e+02
3.800000000000000000e+01 2.603000000000000114e+02
3.900000000000000000e+01 2.603000000000000114e+02
5.000000000000000000e+01 2.530000000000000071e+01
5.100000000000000000e+01 2.530000000000000071e+01
5.200000000000000000e+01 2.530000000000000071e+01
5.300000000000000000e+01 2.530000000000000071e+01
5.400000000000000000e+01 2.530000000000000071e+01
5.500000000000000000e+01 2.530000000000000071e+01
5.600000000000000000e+01 2.530000000000000071e+01
5.700000000000000000e+01 2.530000000000000071e+01
5.800000000000000000e+01 2.530000000000000071e+01
5.900000000000000000e+01 2.530000000000000071e+01
5.000000000000000000e+01 2.950000000000000000e+01
5.100000000000000000e+01 2.950000000000000000e+01
5.200000000000000000e+01 2.950000000000000000e+01
5.300000000000000000e+01 2.950000000000000000e+01
5.400000000000000000e+01 2.950000000000000000e+01
5.500000000000000000e+01 2.950000000000000000e+01
5.600000000000000000e+01 2.950000000000000000e+01
5.700000000000000000e+01 2.950000000000000000e+01
5.800000000000000000e+01 2.950000000000000000e+01
5.900000000000000000e+01 2.950000000000000000e+01
5.000000000000000000e+01 7.120000000000000284e+01
5.100000000000000000e+01 7.120000000000000284e+01
5.200000000000000000e+01 7.120000000000000284e+01
5.300000000000000000e+01 7.120000000000000284e+01
5.400000000000000000e+01 7.120000000000000284e+01
5.500000000000000000e+01 7.120000000000000284e+01
5.600000000000000000e+01 7.120000000000000284e+01
5.700000000000000000e+01 7.120000000000000284e+01
5.800000000000000000e+01 7.120000000000000284e+01
5.900000000000000000e+01 7.120000000000000284e+01
5.000000000000000000e+01 7.479999999999999716e+01
5.100000000000000000e+01 7.479999999999999716e+01
5.200000000000000000e+01 7.479999999999999716e+01
5.300000000000000000e+01 7.479999999999999716e+01
5.400000000000000000e+01 7.479999999999999716e+01
5.500000000000000000e+01 7.479999999999999716e+01
5.600000000000000000e+01 7.479999999999999716e+01
5.700000000000000000e+01 7.479999999999999716e+01
5.800000000000000000e+01 7.479999999999999716e+01
5.900000000000000000e+01 7.479999999999999716e+01
5.000000000000000000e+01 1.189000000000000057e+02
5.100000000000000000e+01 1.189000000000000057e+02
5.200000000000000000e+01 1.189000000000000057e+02
5.300000000000000000e+01 1.189000000000000057e+02
5.400000000000000000e+01 1.189000000000000057e+02
5.500000000000000000e+01 1.189000000000000057e+02
5.600000000000000000e+01 1.189000000000000057e+02
5.700000000000000000e+01 1.189000000000000057e+02
5.800000000000000000e+01 1.189000000000000057e+02
5.900000000000000000e+01 1.189000000000000057e+02
5.000000000000000000e+01 1.225000000000000000e+02
5.100000000000000000e+01 1.225000000000000000e+02
5.200000000000000000e+01 1.225000000000000000e+02
5.300000000000000000e+01 1.225000000000000000e+02
5.400000000000000000e+01 1.225000000000000000e+02
5.500000000000000000e+01 1.225000000000000000e+02
5.600000000000000000e+01 1.225000000000000000e+02
5.700000000000000000e+01 1.225000000000000000e+02
5.800000000000000000e+01 1.225000000000000000e+02
5.900000000000000000e+01 1.225000000000000000e+02
5.000000000000000000e+01 1.665999999999999943e+02
5.100000000000000000e+01 1.665999999999999943e+02
5.200000000000000000e+01 1.665999999999999943e+02
5.300000000000000000e+01 1.665999999999999943e+02
5.400000000000000000e+01 1.665999999999999943e+02
5.500000000000000000e+01 1.665999999999999943e+02
5.600000000000000000e+01 1.665999999999999943e+02
5.700000000000000000e+01 1.665999999999999943e+02
5.800000000000000000e+01 1.665999999999999943e+02
5.900000000000000000e+01 1.665999999999999943e+02
5.000000000000000000e+01 1.701999999999999886e+02
5.100000000000000000e+01 1.701999999999999886e+02
5.200000000000000000e+01 1.701999999999999886e+02
5.300000000000000000e+01 1.701999999999999886e+02
5.400000000000000000e+01 1.701999999999999886e+02
5.500000000000000000e+01 1.701999999999999886e+02
5.600000000000000000e+01 1.701999999999999886e+02
5.700000000000000000e+01 1.701999999999999886e+02
5.800000000000000000e+01 1.701999999999999886e+02
5.900000000000000000e+01 1.701999999999999886e+02
5.000000000000000000e+01 2.143000000000000114e+02
5.100000000000000000e+01 2.143000000000000114e+02
5.200000000000000000e+01 2.143000000000000114e+02
5.300000000000000000e+01 2.143000000000000114e+02
5.400000000000000000e+01 2.143000000000000114e+02
5.500000000000000000e+01 2.143000000000000114e+02
5.600000000000000000e+01 2.143000000000000114e+02
5.700000000000000000e+01 2.143000000000000114e+02
5.800000000000000000e+01 2.143000000000000114e+02
5.900000000000000000e+01 2.143000000000000114e+02
5.000000000000000000e+01 2.179000000000000057e+02
5.100000000000000000e+01 2.179000000000000057e+02
5.200000000000000000e+01 2.179000000000000057e+02
5.300000000000000000e+01 2.179000000000000057e+02
5.400000000000000000e+01 2.179000000000000057e+02
5.500000000000000000e+01 2.179000000000000057e+02
5.600000000000000000e+01 2.179000000000000057e+02
5.700000000000000000e+01 2.179000000000000057e+02
5.800000000000000000e+01 2.179000000000000057e+02
5.900000000000000000e+01 2.179000000000000057e+02
5.000000000000000000e+01 2.620000000000000000e+02
5.100000000000000000e+01 2.620000000000000000e+02
5.200000000000000000e+01 2.620000000000000000e+02
5.300000000000000000e+01 2.620000000000000000e+02
5.400000000000000000e+01 2.620000000000000000e+02
5.500000000000000000e+01 2.620000000000000000e+02
5.600000000000000000e+01 2.620000000000000000e+02
5.700000000000000000e+01 2.620000000000000000e+02
5.800000000000000000e+01 2.620000000000000000e+02
5.900000000000000000e+01 2.620000000000000000e+02
5.000000000000000000e+01 2.656000000000000227e+02
5.100000000000000000e+01 2.656000000000000227e+02
5.200000000000000000e+01 2.656000000000000227e+02
5.300000000000000000e+01 2.656000000000000227e+02
5.400000000000000000e+01 2.656000000000000227e+02
5.500000000000000000e+01 2.656000000000000227e+02
5.600000000000000000e+01 2.656000000000000227e+02
5.700000000000000000e+01 2.656000000000000227e+02
5.800000000000000000e+01 2.656000000000000227e+02
5.900000000000000000e+01 2.656000000000000227e+02
7.000000000000000000e+01 3.039999999999999858e+01
7.100000000000000000e+01 3.039999999999999858e+01
7.200000000000000000e+01 3.039999999999999858e+01
7.300000000000000000e+01 3.039999999999999858e+01
7.400000000000000000e+01 3.039999999999999858e+01
7.500000000000000000e+01 3.039999999999999858e+01
7.600000000000000000e+01 3.039999999999999858e+01
7.700000000000000000e+01 3.039999999999999858e+01
7.800000000000000000e+01 3.039999999999999858e+01
7.900000000000000000e+01 3.039999999999999858e+01
7.000000000000000000e+01 3.460000000000000142e+01
7.100000000000000000e+01 3.460000000000000142e+01
7.200000000000000000e+01 3.460000000000000142e+01
7.300000000000000000e+01 3.460000000000000142e+01
7.400000000000000000e+01 3.460000000000000142e+01
7.500000000000000000e+01 3.460000000000000142e+01
7.600000000000000000e+01 3.460000000000000142e+01
7.700000000000000000e+01 3.460000000000000142e+01
7.800000000000000000e+01 3.460000000000000142e+01
7.900000000000000000e+01 3.460000000000000142e+01
7.000000000000000000e+01 7.650000000000000000e+01
7.100000000000000000e+01 7.650000000000000000e+01
7.200000000000000000e+01 7.650000000000000000e+01
7.300000000000000000e+01 7.650000000000000000e+01
7.400000000000000000e+01 7.650000000000000000e+01
7.500000000000000000e+01 7.650000000000000000e+01
7.600000000000000000e+01 7.650000000000000000e+01
7.700000000000000000e+01 7.650000000000000000e+01
7.800000000000000000e+01 7.650000000000000000e+01
7.900000000000000000e+01 7.650000000000000000e+01
7.000000000000000000e+01 8.009999999999999432e+01
7.100000000000000000e+01 8.009999999999999432e+01
7.200000000000000000e+01 8.009999999999999432e+01
7.300000000000000000e+01 8.009999999999999432e+01
7.400000000000000000e+01 8.009999999999999432e+01
7.500000000000000000e+01 8.009999999999999432e+01
7.600000000000000000e+01 8.009999999999999432e+01
7.700000000000000000e+01 8.009999999999999432e+01
7.800000000000000000e+01 8.009999999999999432e+01
7.900000000000000000e+01 8.009999999999999432e+01
7.000000000000000000e+01 1.242000000000000028e+02
7.100000000000000000e+01 1.242000000000000028e+02
7.200000000000000000e+01 1.242000000000000028e+02
7.300000000000000000e+01 1.242000000000000028e+02
7.400000000000000000e+01 1.242000000000000028e+02
7.500000000000000000e+01 1.242000000000000028e+02
7.600000000000000000e+01 1.242000000000000028e+02
7.700000000000000000e+01 1.242000000000000028e+02
7.800000000000000000e+01 1.242000000000000028e+02
7.900000000000000000e+01 1.242000000000000028e+02
7.000000000000000000e+01 1.277999999999999972e+02
7.100000000000000000e+01 1.277999999999999972e+02
7.200000000000000000e+01 1.277999999999999972e+02
7.300000000000000000e+01 1.277999999999999972e+02
7.400000000000000000e+01 1.277999999999999972e+02
7.500000000000000000e+01 1.277999999999999972e+02
7.600000000000000000e+01 1.277999999999999972e+02
7.700000000000000000e+01 1.277999999999999972e+02
7.800000000000000000e+01 1.277999999999999972e+02
7.900000000000000000e+01 1.277999999999999972e+02
7.000000000000000000e+01 1.719000000000000057e+02
7.100000000000000000e+01 1.719000000000000057e+02
7.200000000000000000e+01 1.719000000000000057e+02
7.300000000000000000e+01 1.719000000000000057e+02
7.400000000000000000e+01 1.719000000000000057e+02
7.500000000000000000e+01 1.719000000000000057e+02
7.600000000000000000e+01 1.719000000000000057e+02
7.700000000000000000e+01 1.719000000000000057e+02
7.800000000000000000e+01 1.719000000000000057e+02
7.900000000000000000e+01 1.719000000000000057e+02
7.000000000000000000e+01 1.755000000000000000e+02
7.100000000000000000e+01 1.755000000000000000e+02
7.200000000000000000e+01 1.755000000000000000e+02
7.300000000000000000e+01 1.755000000000000000e+02
7.400000000000000000e+01 1.755000000000000000e+02
7.500000000000000000e+01 1.755000000000000000e+02
7.600000000000000000e+01 1.755000000000000000e+02
7.700000000000000000e+01 1.755000000000000000e+02
7.800000000000000000e+01 1.755000000000000000e+02
7.900000000000000000e+01 1.755000000000000000e+02
7.000000000000000000e+01 2.195999999999999943e+02
7.100000000000000000e+01 2.195999999999999943e+02
7.200000000000000000e+01 2.195999999999999943e+02
7.300000000000000000e+01 2.195999999999999943e+02
7.400000000000000000e+01 2.195999999999999943e+02
7.500000000000000000e+01 2.195999999999999943e+02
7.600000000000000000e+01 2.195999999999999943e+02
7.700000000000000000e+01 2.195999999999999943e+02
7.800000000000000000e+01 2.195999999999999943e+02
7.900000000000000000e+01 2.195999999999999943e+02
7.000000000000000000e+01 2.231999999999999886e+02
7.100000000000000000e+01 2.231999999999999886e+02
7.200000000000000000e+01 2.231999999999999886e+02
7.300000000000000000e+01 2.231999999999999886e+02
7.400000000000000000e+01 2.231999999999999886e+02
7.500000000000000000e+01 2.231999999999999886e+02
7.600000000000000000e+01 2.231999999999999886e+02
7.700000000000000000e+01 2.231999999999999886e+02
7.800000000000000000e+01 2.231999999999999886e+02
7.900000000000000000e+01 2.231999999999999886e+02
7.000000000000000000e+01 2.673000000000000114e+02
7.100000000000000000e+01 2.673000000000000114e+02
7.200000000000000000e+01 2.673000000000000114e+02
7.300000000000000000e+01 2.673000000000000114e+02
7.400000000000000000e+01 2.673000000000000114e+02
7.500000000000000000e+01 2.673000000000000114e+02
7.600000000000000000e+01 2.673000000000000114e+02
7.700000000000000000e+01 2.673000000000000114e+02
7.800000000000000000e+01 2.673000000000000114e+02
7.900000000000000000e+01 2.673000000000000114e+02
7.000000000000000000e+01 2.708999999999999773e+02
7.100000000000000000e+01 2.708999999999999773e+02
7.200000000000000000e+01 2.708999999999999773e+02
7.300000000000000000e+01 2.708999999999999773e+02
7.400000000000000000e+01 2.708999999999999773e+02
7.500000000000000000e+01 2.708999999999999773e+02
7.600000000000000000e+01 2.708999999999999773e+02
7.700000000000000000e+01 2.708999999999999773e+02
7.800000000000000000e+01 2.708999999999999773e+02
7.900000000000000000e+01 2.708999999999999773e+02
9.000000000000000000e+01 3.550000000000000000e+01
9.100000000000000000e+01 3.550000000000000000e+01
9.200000000000000000e+01 3.550000000000000000e+01
9.300000000000000000e+01 3.550000000000000000e+01
9.400000000000000000e+01 3.550000000000000000e+01
9.500000000000000000e+01 3.550000000000000000e+01
9.600000000000000000e+01 3.550000000000000000e+01
9.700000000000000000e+01 3.550000000000000000e+01
9.800000000000000000e+01 3.550000000000000000e+01
9.900000000000000000e+01 3.550000000000000000e+01
9.000000000000000000e+01 3.970000000000000284e+01
9.100000000000000000e+01 3.970000000000000284e+01
9.200000000000000000e+01 3.970000000000000284e+01
9.300000000000000000e+01 3.970000000000000284e+01
9.400000000000000000e+01 3.970000000000000284e+01
9.500000000000000000e+01 3.970000000000000284e+01
9.600000000000000000e+01 3.970000000000000284e+01
9.700000000000000000e+01 3.970000000000000284e+01
9.800000000000000000e+01 3.970000000000000284e+01
9.900000000000000000e+01 3.970000000000000284e+01
9.000000000000000000e+01 8.179999999999999716e+01
9.100000000000000000e+01 8.179999999999999716e+01
9.200000000000000000e+01 8.179999999999999716e+01
9.300000000000000000e+01 8.179999999999999716e+01
9.400000000000000000e+01 8.179999999999999716e+01
9.500000000000000000e+01 8.179999999999999716e+01
9.600000000000000000e+01 8.179999999999999716e+01
9.700000000000000000e+01 8.179999999999999716e+01
9.800000000000000000e+01 8.179999999999999716e+01
9.900000000000000000e+01 8.179999999999999716e+01
9.000000000000000000e+01 8.540000000000000568e+01
9.100000000000000000e+01 8.540000000000000568e+01
9.200000000000000000e+01 8.540000000000000568e+01
9.300000000000000000e+01 8.540000000000000568e+01
9.400000000000000000e+01 8.540000000000000568e+01
9.500000000000000000e+01 8.540000000000000568e+01
9.600000000000000000e+01 8.540000000000000568e+01
9.700000000000000000e+01 8.540000000000000568e+01
9.800000000000000000e+01 8.540000000000000568e+01
9.900000000000000000e+01 8.540000000000000568e+01
9.000000000000000000e+01 1.295000000000000000e+02
9.100000000000000000e+01 1.295000000000000000e+02
9.200000000000000000e+01 1.295000000000000000e+02
9.300000000000000000e+01 1.295000000000000000e+02
9.400000000000000000e+01 1.295000000000000000e+02
9.500000000000000000e+01 1.295000000000000000e+02
9.600000000000000000e+01 1.295000000000000000e+02
9.700000000000000000e+01 1.295000000000000000e+02
9.800000000000000000e+01 1.295000000000000000e+02
9.900000000000000000e+01 1.295000000000000000e+02
9.000000000000000000e+01 1.330999999999999943e+02
9.100000000000000000e+01 1.330999999999999943e+02
9.200000000000000000e+01 1.330999999999999943e+02
9.300000000000000000e+01 1.330999999999999943e+02
9.400000000000000000e+01 1.330999999999999943e+02
9.500000000000000000e+01 1.330999999999999943e+02
9.600000000000000000e+01 1.330999999999999943e+02
9.700000000000000000e+01 1.330999999999999943e+02
9.800000000000000000e+01 1.330999999999999943e+02
9.900000000000000000e+01 1.330999999999999943e+02
9.000000000000000000e+01 1.771999999999999886e+02
9.100000000000000000e+01 1.771999999999999886e+02
9.200000000000000000e+01 1.771999999999999886e+02
9.300000000000000000e+01 1.771999999999999886e+02
9.400000000000000000e+01 1.771999999999999886e+02
9.500000000000000000e+01 1.771999999999999886e+02
9.600000000000000000e+01 1.771999999999999886e+02
9.700000000000000000e+01 1.771999999999999886e+02
9.800000000000000000e+01 1.771999999999999886e+02
9.900000000000000000e+01 1.771999999999999886e+02
9.000000000000000000e+01 1.808000000000000114e+02
9.100000000000000000e+01 1.808000000000000114e+02
9.200000000000000000e+01 1.808000000000000114e+02
9.300000000000000000e+01 1.808000000000000114e+02
9.400000000000000000e+01 1.808000000000000114e+02
9.500000000000000000e+01 1.808000000000000114e+02
9.600000000000000000e+01 1.808000000000000114e+02
9.700000000000000000e+01 1.808000000000000114e+02
9.800000000000000000e+01 1.808000000000000114e+02
9.900000000000000000e+01 1.808000000000000114e+02
9.000000000000000000e+01 2.249000000000000057e+02
9.100000000000000000e+01 2.249000000000000057e+02
9.200000000000000000e+01 2.249000000000000057e+02
9.300000000000000000e+01 2.249000000000000057e+02
9.400000000000000000e+01 2.249000000000000057e+02
9.500000000000000000e+01 2.249000000000000057e+02
9.600000000000000000e+01 2.249000000000000057e+02
9.700000000000000000e+01 2.249000000000000057e+02
9.800000000000000000e+01 2.249000000000000057e+02
9.900000000000000000e+01 2.249000000000000057e+02
9.000000000000000000e+01 2.285000000000000000e+02
9.100000000000000000e+01 2.285000000000000000e+02
9.200000000000000000e+01 2.285000000000000000e+02
9.300000000000000000e+01 2.285000000000000000e+02
9.400000000000000000e+01 2.285000000000000000e+02
9.500000000000000000e+01 2.285000000000000000e+02
9.600000000000000000e+01 2.285000000000000000e+02
9.700000000000000000e+01 2.285000000000000000e+02
9.800000000000000000e+01 2.285000000000000000e+02
9.900000000000000000e+01 2.285000000000000000e+02
9.000000000000000000e+01 2.726000000000000227e+02
9.100000000000000000e+01 2.726000000000000227e+02
9.200000000000000000e+01 2.726000000000000227e+02
9.300000000000000000e+01 2.726000000000000227e+02
9.400000000000000000e+01 2.726000000000000227e+02
9.500000000000000000e+01 2.726000000000000227e+02
9.600000000000000000e+01 2.726000000000000227e+02
9.700000000000000000e+01 2.726000000000000227e+02
9.800000000000000000e+01 2.726000000000000227e+02
9.900000000000000000e+01 2.726000000000000227e+02
9.000000000000000000e+01 2.761999999999999886e+02
9.100000000000000000e+01 2.761999999999999886e+02
9.200000000000000000e+01 2.761999999999999886e+02
9.300000000000000000e+01 2.761999999999999886e+02
9.400000000000000000e+01 2.761999999999999886e+02
9.500000000000000000e+01 2.761999999999999886e+02
9.600000000000000000e+01 2.761999999999999886e+02
9.700000000000000000e+01 2.761999999999999886e+02
9.800000000000000000e+01 2.761999999999999886e+02
9.900000000000000000e+01 2.761999999999999886e+02
1.100000000000000000e+02 4.060000000000000142e+01
1.110000000000000000e+02 4.060000000000000142e+01
1.120000000000000000e+02 4.060000000000000142e+01
1.130000000000000000e+02 4.060000000000000142e+01
1.140000000000000000e+02 4.060000000000000142e+01
1.150000000000000000e+02 4.060000000000000142e+01
1.160000000000000000e+02 4.060000000000000142e+01
1.170000000000000000e+02 4.060000000000000142e+01
1.180000000000000000e+02 4.060000000000000142e+01
1.190000000000000000e+02 4.060000000000000142e+01
1.100000000000000000e+02 4.479999999999999716e+01
1.110000000000000000e+02 4.479999999999999716e+01
1.120000000000000000e+02 4.479999999999999716e+01
1.130000000000000000e+02 4.479999999999999716e+01
1.140000000000000000e+02 4.479999999999999716e+01
1.150000000000000000e+02 4.479999999999999716e+01
1.160000000000000000e+02 4.479999999999999716e+01
1.170000000000000000e+02 4.479999999999999716e+01
1.180000000000000000e+02 4.479999999999999716e+01
1.190000000000000000e+02 4.479999999999999716e+01
1.100000000000000000e+02 8.709999999999999432e+01
1.110000000000000000e+02 8.709999999999999432e+01
1.120000000000000000e+02 8.709999999999999432e+01
1.130000000000000000e+02 8.709999999999999432e+01
1.140000000000000000e+02 8.709999999999999432e+01
1.150000000000000000e+02 8.709999999999999432e+01
1.160000000000000000e+02 8.709999999999999432e+01
1.170000000000000000e+02 8.709999999999999432e+01
1.180000000000000000e+02 8.709999999999999432e+01
1.190000000000000000e+02 8.709999999999999432e+01
1.100000000000000000e+02 9.070000000000000284e+01
1.110000000000000000e+02 9.070000000000000284e+01
1.120000000000000000e+02 9.070000000000000284e+01
1.130000000000000000e+02 9.070000000000000284e+01
1.140000000000000000e+02 9.070000000000000284e+01
1.150000000000000000e+02 9.070000000000000284e+01
1.160000000000000000e+02 9.070000000000000284e+01
1.170000000000000000e+02 9.070000000000000284e+01
1.180000000000000000e+02 9.070000000000000284e+01
1.190000000000000000e+02 9.070000000000000284e+01
1.100000000000000000e+02 1.348000000000000114e+02
1.110000000000000000e+02 1.348000000000000114e+02
1.120000000000000000e+02 1.348000000000000114e+02
1.130000000000000000e+02 1.348000000000000114e+02
1.140000000000000000e+02 1.348000000000000114e+02
1.150000000000000000e+02 1.348000000000000114e+02
1.160000000000000000e+02 1.348000000000000114e+02
1.170000000000000000e+02 1.348000000000000114e+02
1.180000000000000000e+02 1.348000000000000114e+02
1.190000000000000000e+02 1.348000000000000114e+02
1.100000000000000000e+02 1.384000000000000057e+02
1.110000000000000000e+02 1.384000000000000057e+02
1.120000000000000000e+02 1.384000000000000057e+02
1.130000000000000000e+02 1.384000000000000057e+02
1.140000000000000000e+02 1.384000000000000057e+02
1.150000000000000000e+02 1.384000000000000057e+02
1.160000000000000000e+02 1.384000000000000057e+02
1.170000000000000000e+02 1.384000000000000057e+02
1.180000000000000000e+02 1.384000000000000057e+02
1.190000000000000000e+02 1.384000000000000057e+02
1.100000000000000000e+02 1.825000000000000000e+02
1.110000000000000000e+02 1.825000000000000000e+02
1.120000000000000000e+02 1.825000000000000000e+02
1.130000000000000000e+02 1.825000000000000000e+02
1.140000000000000000e+02 1.825000000000000000e+02
1.150000000000000000e+02 1.825000000000000000e+02
1.160000000000000000e+02 1.825000000000000000e+02
1.170000000000000000e+02 1.825000000000000000e+02
1.180000000000000000e+02 1.825000000000000000e+02
1.190000000000000000e+02 1.825000000000000000e+02
1.100000000000000000e+02 1.860999999999999943e+02
1.110000000000000000e+02 1.860999999999999943e+02
1.120000000000000000e+02 1.860999999999999943e+02
1.130000000000000000e+02 1.860999999999999943e+02
1.140000000000000000e+02 1.860999999999999943e+02
1.150000000000000000e+02 1.860999999999999943e+02
1.160000000000000000e+02 1.860999999999999943e+02
1.170000000000000000e+02 1.860999999999999943e+02
1.180000000000000000e+02 1.860999999999999943e+02
1.190000000000000000e+02 1.860999999999999943e+02
1.100000000000000000e+02 2.301999999999999886e+02
1.110000000000000000e+02 2.301999999999999886e+02
1.120000000000000000e+02 2.301999999999999886e+02
1.130000000000000000e+02 2.301999999999999886e+02
1.140000000000000000e+02 2.301999999999999886e+02
1.150000000000000000e+02 2.301999999999999886e+02
1.160000000000000000e+02 2.301999999999999886e+02
1.170000000000000000e+02 2.301999999999999886e+02
1.180000000000000000e+02 2.301999999999999886e+02
1.190000000000000000e+02 2.301999999999999886e+02
1.100000000000000000e+02 2.338000000000000114e+02
1.110000000000000000e+02 2.338000000000000114e+02
1.120000000000000000e+02 2.338000000000000114e+02
1.130000000000000000e+02 2.338000000000000114e+02
1.140000000000000000e+02 2.338000000000000114e+02
1.150000000000000000e+02 2.338000000000000114e+02
1.160000000000000000e+02 2.338000000000000114e+02
1.170000000000000000e+02 2.338000000000000114e+02
1.180000000000000000e+02 2.338000000000000114e+02
1.190000000000000000e+02 2.338000000000000114e+02
1.100000000000000000e+02 2.778999999999999773e+02
1.110000000000000000e+02 2.778999999999999773e+02
1.120000000000000000e+02 2.778999999999999773e+02
1.130000000000000000e+02 2.778999999999999773e+02
1.140000000000000000e+02 2.778999999999999773e+02
1.150000000000000000e+02 2.778999999999999773e+02
1.160000000000000000e+02 2.778999999999999773e+02
1.170000000000000000e+02 2.778999999999999773e+02
1.180000000000000000e+02 2.778999999999999773e+02
1.190000000000000000e+02 2.778999999999999773e+02
1.100000000000000000e+02 2.815000000000000000e+02
1.110000000000000000e+02 2.815000000000000000e+02
1.120000000000000000e+02 2.815000000000000000e+02
1.130000000000000000e+02 2.815000000000000000e+02
1.140000000000000000e+02 2.815000000000000000e+02
1.150000000000000000e+02 2.815000000000000000e+02
1.160000000000000000e+02 2.815000000000000000e+02
1.170000000000000000e+02 2.815000000000000000e+02
1.180000000000000000e+02 2.815000000000000000e+02
1.190000000000000000e+02 2.815000000000000000e+02
1.300000000000000000e+02 4.570000000000000284e+01
1.310000000000000000e+02 4.570000000000000284e+01
1.320000000000000000e+02 4.570000000000000284e+01
1.330000000000000000e+02 4.570000000000000284e+01
1.340000000000000000e+02 4.570000000000000284e+01
1.350000000000000000e+02 4.570000000000000284e+01
1.360000000000000000e+02 4.570000000000000284e+01
1.370000000000000000e+02 4.570000000000000284e+01
1.380000000000000000e+02 4.570000000000000284e+01
1.390000000000000000e+02 4.570000000000000284e+01
1.300000000000000000e+02 4.989999999999999858e+01
1.310000000000000000e+02 4.989999999999999858e+01
1.320000000000000000e+02 4.989999999999999858e+01
1.330000000000000000e+02 4.989999999999999858e+01
1.340000000000000000e+02 4.989999999999999858e+01
1.350000000000000000e+02 4.989999999999999858e+01
1.360000000000000000e+02 4.989999999999999858e+01
1.370000000000000000e+02 4.989999999999999858e+01
1.380000000000000000e+02 4.989999999999999858e+01
1.390000000000000000e+02 4.989999999999999858e+01
1.300000000000000000e+02 9.240000000000000568e+01
1.310000000000000000e+02 9.240000000000000568e+01
1.320000000000000000e+02 9.240000000000000568e+01
1.330000000000000000e+02 9.240000000000000568e+01
1.340000000000000000e+02 9.240000000000000568e+01
1.350000000000000000e+02 9.240000000000000568e+01
1.360000000000000000e+02 9.240000000000000568e+01
1.370000000000000000e+02 9.240000000000000568e+01
1.380000000000000000e+02 9.240000000000000568e+01
1.390000000000000000e+02 9.240000000000000568e+01
1.300000000000000000e+02 9.600000000000000000e+01
1.310000000000000000e+02 9.600000000000000000e+01
1.320000000000000000e+02 9.600000000000000000e+01
1.330000000000000000e+02 9.600000000000000000e+01
1.340000000000000000e+02 9.600000000000000000e+01
1.350000000000000000e+02 9.600000000000000000e+01
1.360000000000000000e+02 9.600000000000000000e+01
1.370000000000000000e+02 9.600000000000000000e+01
1.380000000000000000e+02 9.600000000000000000e+01
1.390000000000000000e+02 9.600000000000000000e+01
1.300000000000000000e+02 1.400999999999999943e+02
1.310000000000000000e+02 1.400999999999999943e+02
1.320000000000000000e+02 1.400999999999999943e+02
1.330000000000000000e+02 1.400999999999999943e+02
1.340000000000000000e+02 1.400999999999999943e+02
1.350000000000000000e+02 1.400999999999999943e+02
1.360000000000000000e+02 1.400999999999999943e+02
1.370000000000000000e+02 1.400999999999999943e+02
1.380000000000000000e+02 1.400999999999999943e+02
1.390000000000000000e+02 1.400999999999999943e+02
1.300000000000000000e+02 1.436999999999999886e+02
1.310000000000000000e+02 1.436999999999999886e+02
1.320000000000000000e+02 1.436999999999999886e+02
1.330000000000000000e+02 1.436999999999999886e+02
1.340000000000000000e+02 1.436999999999999886e+02
1.350000000000000000e+02 1.436999999999999886e+02
1.360000000000000000e+02 1.436999999999999886e+02
1.370000000000000000e+02 1.436999999999999886e+02
1.380000000000000000e+02 1.436999999999999886e+02
1.390000000000000000e+02 1.436999999999999886e+02
1.300000000000000000e+02 1.878000000000000114e+02
1.310000000000000000e+02 1.878000000000000114e+02
1.320000000000000000e+02 1.878000000000000114e+02
1.330000000000000000e+02 1.878000000000000114e+02
1.340000000000000000e+02 1.878000000000000114e+02
1.350000000000000000e+02 1.878000000000000114e+02
1.360000000000000000e+02 1.878000000000000114e+02
1.370000000000000000e+02 1.878000000000000114e+02
1.380000000000000000e+02 1.878000000000000114e+02
1.390000000000000000e+02 1.878000000000000114e+02
1.300000000000000000e+02 1.914000000000000057e+02
1.310000000000000000e+02 1.914000000000000057e+02
1.320000000000000000e+02 1.914000000000000057e+02
1.330000000000000000e+02 1.914000000000000057e+02
1.340000000000000000e+02 1.914000000000000057e+02
1.350000000000000000e+02 1.914000000000000057e+02
1.360000000000000000e+02 1.914000000000000057e+02
1.370000000000000000e+02 1.914000000000000057e+02
1.380000000000000000e+02 1.914000000000000057e+02
1.390000000000000000e+02 1.914000000000000057e+02
1.300000000000000000e+02 2.355000000000000000e+02
1.310000000000000000e+02 2.355000000000000000e+02
1.320000000000000000e+02 2.355000000000000000e+02
1.330000000000000000e+02 2.355000000000000000e+02
1.340000000000000000e+02 2.355000000000000000e+02
1.350000000000000000e+02 2.355000000000000000e+02
1.360000000000000000e+02 2.355000000000000000e+02
1.370000000000000000e+02 2.355000000000000000e+02
1.380000000000000000e+02 2.355000000000000000e+02
1.390000000000000000e+02 2.355000000000000000e+02
1.300000000000000000e+02 2.390999999999999943e+02
1.310000000000000000e+02 2.390999999999999943e+02
1.320000000000000000e+02 2.390999999999999943e+02
1.330000000000000000e+02 2.390999999999999943e+02
1.340000000000000000e+02 2.390999999999999943e+02
1.350000000000000000e+02 2.390999999999999943e+02
1.360000000000000000e+02 2.390999999999999943e+02
1.370000000000000000e+02 2.390999999999999943e+02
1.380000000000000000e+02 2.390999999999999943e+02
1.390000000000000000e+02 2.390999999999999943e+02
1.300000000000000000e+02 2.831999999999999886e+02
1.310000000000000000e+02 2.831999999999999886e+02
1.320000000000000000e+02 2.831999999999999886e+02
1.330000000000000000e+02 2.831999999999999886e+02
1.340000000000000000e+02 2.831999999999999886e+02
1.350000000000000000e+02 2.831999999999999886e+02
1.360000000000000000e+02 2.831999999999999886e+02
1.370000000000000000e+02 2.831999999999999886e+02
1.380000000000000000e+02 2.831999999999999886e+02
1.390000000000000000e+02 2.831999999999999886e+02
1.300000000000000000e+02 2.868000000000000114e+02
1.310000000000000000e+02 2.868000000000000114e+02
1.320000000000000000e+02 2.868000000000000114e+02
1.330000000000000000e+02 2.868000000000000114e+02
1.340000000000000000e+02 2.868000000000000114e+02
1.350000000000000000e+02 2.868000000000000114e+02
1.360000000000000000e+02 2.868000000000000114e+02
1.370000000000000000e+02 2.868000000000000114e+02
1.380000000000000000e+02 2.868000000000000114e+02
1.390000000000000000e+02 2.868000000000000114e+02
1.500000000000000000e+02 5.079999999999999716e+01
1.510000000000000000e+02 5.079999999999999716e+01
1.520000000000000000e+02 5.079999999999999716e+01
1.530000000000000000e+02 5.079999999999999716e+01
1.540000000000000000e+02 5.079999999999999716e+01
1.550000000000000000e+02 5.079999999999999716e+01
1.560000000000000000e+02 5.079999999999999716e+01
1.570000000000000000e+02 5.079999999999999716e+01
1.580000000000000000e+02 5.079999999999999716e+01
1.590000000000000000e+02 5.079999999999999716e+01
1.500000000000000000e+02 5.500000000000000000e+01
1.510000000000000000e+02 5.500000000000000000e+01
1.520000000000000000e+02 5.500000000000000000e+01
1.530000000000000000e+02 5.500000000000000000e+01
1.540000000000000000e+02 5.500000000000000000e+01
1.550000000000000000e+02 5.500000000000000000e+01
1.560000000000000000e+02 5.500000000000000000e+01
1.570000000000000000e+02 5.500000000000000000e+01
1.580000000000000000e+02 5.500000000000000000e+01
1.590000000000000000e+02 5.500000000000000000e+01
1.500000000000000000e+02 9.779999999999999716e+01
1.510000000000000000e+02 9.779999999999999716e+01
1.520000000000000000e+02 9.779999999999999716e+01
1.530000000000000000e+02 9.779999999999999716e+01
1.540000000000000000e+02 9.779999999999999716e+01
1.550000000000000000e+02 9.779999999999999716e+01
1.560000000000000000e+02 9.779999999999999716e+01
1.570000000000000000e+02 9.779999999999999716e+01
1.580000000000000000e+02 9.779999999999999716e+01
1.590000000000000000e+02 9.779999999999999716e+01
1.500000000000000000e+02 1.015999999999999943e+02
1.510000000000000000e+02 1.015999999999999943e+02
1.520000000000000000e+02 1.015999999999999943e+02
1.530000000000000000e+02 1.015999999999999943e+02
1.540000000000000000e+02 1.015999999999999943e+02
1.550000000000000000e+02 1.015999999999999943e+02
1.560000000000000000e+02 1.015999999999999943e+02
1.570000000000000000e+02 1.015999999999999943e+02
1.580000000000000000e+02 1.015999999999999943e+02
1.590000000000000000e+02 1.015999999999999943e+02
1.500000000000000000e+02 1.454000000000000057e+02
1.510000000000000000e+02 1.454000000000000057e+02
1.520000000000000000e+02 1.454000000000000057e+02
1.530000000000000000e+02 1.454000000000000057e+02
1.540000000000000000e+02 1.454000000000000057e+02
1.550000000000000000e+02 1.454000000000000057e+02
1.560000000000000000e+02 1.454000000000000057e+02
1.570000000000000000e+02 1.454000000000000057e+02
1.580000000000000000e+02 1.454000000000000057e+02
1.590000000000000000e+02 1.454000000000000057e+02
1.500000000000000000e+02 1.490000000000000000e+02
1.510000000000000000e+02 1.490000000000000000e+02
1.520000000000000000e+02 1.490000000000000000e+02
1.530000000000000000e+02 1.490000000000000000e+02
1.540000000000000000e+02 1.490000000000000000e+02
1.550000000000000000e+02 1.490000000000000000e+02
1.560000000000000000e+02 1.490000000000000000e+02
1.570000000000000000e+02 1.490000000000000000e+02
1.580000000000000000e+02 1.490000000000000000e+02
1.590000000000000000e+02 1.490000000000000000e+02
1.500000000000000000e+02 1.930999999999999943e+02
1.510000000000000000e+02 1.930999999999999943e+02
1.520000000000000000e+02 1.930999999999999943e+02
1.530000000000000000e+02 1.930999999999999943e+02
1.540000000000000000e+02 1.930999999999999943e+02
1.550000000000000000e+02 1.930999999999999943e+02
1.560000000000000000e+02 1.930999999999999943e+02
1.570000000000000000e+02 1.930999999999999943e+02
1.580000000000000000e+02 1.930999999999999943e+02
1.590000000000000000e+02 1.930999999999999943e+02
1.500000000000000000e+02 1.966999999999999886e+02
1.510000000000000000e+02 1.966999999999999886e+02
1.520000000000000000e+02 1.966999999999999886e+02
1.530000000000000000e+02 1.966999999999999886e+02
1.540000000000000000e+02 1.966999999999999886e+02
1.550000000000000000e+02 1.966999999999999886e+02
1.560000000000000000e+02 1.966999999999999886e+02
1.570000000000000000e+02 1.966999999999999886e+02
1.580000000000000000e+02 1.966999999999999886e+02
1.590000000000000000e+02 1.966999999999999886e+02
1.500000000000000000e+02 2.408000000000000114e+02
1.510000000000000000e+02 2.408000000000000114e+02
1.520000000000000000e+02 2.408000000000000114e+02
1.530000000000000000e+02 2.408000000000000114e+02
1.540000000000000000e+02 2.408000000000000114e+02
1.550000000000000000e+02 2.408000000000000114e+02
1.560000000000000000e+02 2.408000000000000114e+02
1.570000000000000000e+02 2.408000000000000114e+02
1.580000000000000000e+02 2.408000000000000114e+02
1.590000000000000000e+02 2.408000000000000114e+02
1.500000000000000000e+02 2.444000000000000057e+02
1.510000000000000000e+02 2.444000000000000057e+02
1.520000000000000000e+02 2.444000000000000057e+02
1.530000000000000000e+02 2.444000000000000057e+02
1.540000000000000000e+02 2.444000000000000057e+02
1.550000000000000000e+02 2.444000000000000057e+02
1.560000000000000000e+02 2.444000000000000057e+02
1.570000000000000000e+02 2.444000000000000057e+02
1.580000000000000000e+02 2.444000000000000057e+02
1.590000000000000000e+02 2.444000000000000057e+02
1.500000000000000000e+02 2.885000000000000000e+02
1.510000000000000000e+02 2.885000000000000000e+02
1.520000000000000000e+02 2.885000000000000000e+02
1.530000000000000000e+02 2.885000000000000000e+02
1.540000000000000000e+02 2.885000000000000000e+02
1.550000000000000000e+02 2.885000000000000000e+02
1.560000000000000000e+02 2.885000000000000000e+02
1.570000000000000000e+02 2.885000000000000000e+02
1.580000000000000000e+02 2.885000000000000000e+02
1.590000000000000000e+02 2.885000000000000000e+02
1.500000000000000000e+02 2.921000000000000227e+02
1.510000000000000000e+02 2.921000000000000227e+02
1.520000000000000000e+02 2.921000000000000227e+02
1.530000000000000000e+02 2.921000000000000227e+02
1.540000000000000000e+02 2.921000000000000227e+02
1.550000000000000000e+02 2.921000000000000227e+02
1.560000000000000000e+02 2.921000000000000227e+02
1.570000000000000000e+02 2.921000000000000227e+02
1.580000000000000000e+02 2.921000000000000227e+02
1.590000000000000000e+02 2.921000000000000227e+02
1.700000000000000000e+02 5.589999999999999858e+01
1.710000000000000000e+02 5.589999999999999858e+01
1.720000000000000000e+02 5.589999999999999858e+01
1.730000000000000000e+02 5.589999999999999858e+01
1.740000000000000000e+02 5.589999999999999858e+01
1.750000000000000000e+02 5.589999999999999858e+01
1.760000000000000000e+02 5.589999999999999858e+01
1.770000000000000000e+02 5.589999999999999858e+01
1.780000000000000000e+02 5.589999999999999858e+01
1.790000000000000000e+02 5.589999999999999858e+01
1.700000000000000000e+02 6.010000000000000142e+01
1.710000000000000000e+02 6.010000000000000142e+01
1.720000000000000000e+02 6.010000000000000142e+01
1.730000000000000000e+02 6.010000000000000142e+01
1.740000000000000000e+02 6.010000000000000142e+01
1.750000000000000000e+02 6.010000000000000142e+01
1.760000000000000000e+02 6.010000000000000142e+01
1.770000000000000000e+02 6.010000000000000142e+01
1.780000000000000000e+02 6.010000000000000142e+01
1.790000000000000000e+02 6.010000000000000142e+01
1.700000000000000000e+02 1.030999999999999943e+02
1.710000000000000000e+02 1.030999999999999943e+02
1.720000000000000000e+02 1.030999999999999943e+02
1.730000000000000000e+02 1.030999999999999943e+02
1.740000000000000000e+02 1.030999999999999943e+02
1.750000000000000000e+02 1.030999999999999943e+02
1.760000000000000000e+02 1.030999999999999943e+02
1.770000000000000000e+02 1.030999999999999943e+02
1.780000000000000000e+02 1.030999999999999943e+02
1.790000000000000000e+02 1.030999999999999943e+02
1.700000000000000000e+02 1.069000000000000057e+02
1.710000000000000000e+02 1.069000000000000057e+02
1.720000000000000000e+02 1.069000000000000057e+02
1.730000000000000000e+02 1.069000000000000057e+02
1.740000000000000000e+02 1.069000000000000057e+02
1.750000000000000000e+02 1.069000000000000057e+02
1.760000000000000000e+02 1.069000000000000057e+02
1.770000000000000000e+02 1.069000000000000057e+02
1.780000000000000000e+02 1.069000000000000057e+02
1.790000000000000000e+02 1.069000000000000057e+02
1.700000000000000000e+02 1.506999999999999886e+02
1.710000000000000000e+02 1.506999999999999886e+02
1.720000000000000000e+02 1.506999999999999886e+02
1.730000000000000000e+02 1.506999999999999886e+02
1.740000000000000000e+02 1.506999999999999886e+02
1.750000000000000000e+02 1.506999999999999886e+02
1.760000000000000000e+02 1.506999999999999886e+02
1.770000000000000000e+02 1.506999999999999886e+02
1.780000000000000000e+02 1.506999999999999886e+02
1.790000000000000000e+02 1.506999999999999886e+02
1.700000000000000000e+02 1.543000000000000114e+02
1.710000000000000000e+02 1.543000000000000114e+02
1.720000000000000000e+02 1.543000000000000114e+02
1.730000000000000000e+02 1.543000000000000114e+02
1.740000000000000000e+02 1.543000000000000114e+02
1.750000000000000000e+02 1.543000000000000114e+02
1.760000000000000000e+02 1.543000000000000114e+02
1.770000000000000000e+02 1.543000000000000114e+02
1.780000000000000000e+02 1.543000000000000114e+02
1.790000000000000000e+02 1.543000000000000114e+02
1.700000000000000000e+02 1.984000000000000057e+02
1.710000000000000000e+02 1.984000000000000057e+02
1.720000000000000000e+02 1.984000000000000057e+02
1.730000000000000000e+02 1.984000000000000057e+02
1.740000000000000000e+02 1.984000000000000057e+02
1.750000000000000000e+02 1.984000000000000057e+02
1.760000000000000000e+02 1.984000000000000057e+02
1.770000000000000000e+02 1.984000000000000057e+02
1.780000000000000000e+02 1.984000000000000057e+02
1.790000000000000000e+02 1.984000000000000057e+02
1.700000000000000000e+02 2.020000000000000000e+02
1.710000000000000000e+02 2.020000000000000000e+02
1.720000000000000000e+02 2.020000000000000000e+02
1.730000000000000000e+02 2.020000000000000000e+02
1.740000000000000000e+02 2.020000000000000000e+02
1.750000000000000000e+02 2.020000000000000000e+02
1.760000000000000000e+02 2.020000000000000000e+02
1.770000000000000000e+02 2.020000000000000000e+02
1.780000000000000000e+02 2.020000000000000000e+02
1.790000000000000000e+02 2.020000000000000000e+02
1.700000000000000000e+02 2.460999999999999943e+02
1.710000000000000000e+02 2.460999999999999943e+02
1.720000000000000000e+02 2.460999999999999943e+02
1.730000000000000000e+02 2.460999999999999943e+02
1.740000000000000000e+02 2.460999999999999943e+02
1.750000000000000000e+02 2.460999999999999943e+02
1.760000000000000000e+02 2.460999999999999943e+02
1.770000000000000000e+02 2.460999999999999943e+02
1.780000000000000000e+02 2.460999999999999943e+02
1.790000000000000000e+02 2.460999999999999943e+02
1.700000000000000000e+02 2.496999999999999886e+02
1.710000000000000000e+02 2.496999999999999886e+02
1.720000000000000000e+02 2.496999999999999886e+02
1.730000000000000000e+02 2.496999999999999886e+02
1.740000000000000000e+02 2.496999999999999886e+02
1.750000000000000000e+02 2.496999999999999886e+02
1.760000000000000000e+02 2.496999999999999886e+02
1.770000000000000000e+02 2.496999999999999886e+02
1.780000000000000000e+02 2.496999999999999886e+02
1.790000000000000000e+02 2.496999999999999886e+02
1.700000000000000000e+02 2.938000000000000114e+02
1.710000000000000000e+02 2.938000000000000114e+02
1.720000000000000000e+02 2.938000000000000114e+02
1.730000000000000000e+02 2.938000000000000114e+02
1.740000000000000000e+02 2.938000000000000114e+02
1.750000000000000000e+02 2.938000000000000114e+02
1.760000000000000000e+02 2.938000000000000114e+02
1.770000000000000000e+02 2.938000000000000114e+02
1.780000000000000000e+02 2.938000000000000114e+02
1.790000000000000000e+02 2.938000000000000114e+02
1.700000000000000000e+02 2.973999999999999773e+02
1.710000000000000000e+02 2.973999999999999773e+02
1.720000000000000000e+02 2.973999999999999773e+02
1.730000000000000000e+02 2.973999999999999773e+02
1.740000000000000000e+02 2.973999999999999773e+02
1.750000000000000000e+02 2.973999999999999773e+02
1.760000000000000000e+02 2.973999999999999773e+02
1.770000000000000000e+02 2.973999999999999773e+02
1.780000000000000000e+02 2.973999999999999773e+02
1.790000000000000000e+02 2.973999999999999773e+02
